filename=1552846090368.311325ca-a9b7-4b7c-bfbf-38cebe799caf.heartbeat.jsonlz4
size=4	tazpup-core-files/build/no-arch/etc/skel/.mozilla/firefox/b70ns6k0.default/datareporting/archived/2019-03/1552846090368.311325ca-a9b7-4b7c-bfbf-38cebe799caf.heartbeat.jsonlz4 
checksum.md5=9a6c891acac1d5823f5d4c723465f14f  tazpup-core-files/build/no-arch/etc/skel/.mozilla/firefox/b70ns6k0.default/datareporting/archived/2019-03/1552846090368.311325ca-a9b7-4b7c-bfbf-38cebe799caf.heartbeat.jsonlz4
checksum.sha256=445941b844bca9f959adc827709be922aab7e6a653360fa5ad8788789b9b7493  tazpup-core-files/build/no-arch/etc/skel/.mozilla/firefox/b70ns6k0.default/datareporting/archived/2019-03/1552846090368.311325ca-a9b7-4b7c-bfbf-38cebe799caf.heartbeat.jsonlz4
