filename=1553089365667.789391f6-e39a-4596-a8cb-fe625398117e.main.jsonlz4
size=8	tazpup-core-files/build/no-arch/etc/skel/.mozilla/firefox/b70ns6k0.default/datareporting/archived/2019-03/1553089365667.789391f6-e39a-4596-a8cb-fe625398117e.main.jsonlz4 
checksum.md5=f979c8d77b5621fd526f5f6529e2b855  tazpup-core-files/build/no-arch/etc/skel/.mozilla/firefox/b70ns6k0.default/datareporting/archived/2019-03/1553089365667.789391f6-e39a-4596-a8cb-fe625398117e.main.jsonlz4
checksum.sha256=1b9e38fc7c48fd76ca3a6afc6f73ccbbba5e0582ffddec05cd1b6680aec7573f  tazpup-core-files/build/no-arch/etc/skel/.mozilla/firefox/b70ns6k0.default/datareporting/archived/2019-03/1553089365667.789391f6-e39a-4596-a8cb-fe625398117e.main.jsonlz4
