filename=1553147028329.69068463-55a1-43cb-95fc-ad815ffaa5bc.main.jsonlz4
size=12	tazpup-core-files/build/no-arch/etc/skel/.mozilla/firefox/b70ns6k0.default/datareporting/archived/2019-03/1553147028329.69068463-55a1-43cb-95fc-ad815ffaa5bc.main.jsonlz4 
checksum.md5=4b2a96da36cda3e26078b7770c96f0bc  tazpup-core-files/build/no-arch/etc/skel/.mozilla/firefox/b70ns6k0.default/datareporting/archived/2019-03/1553147028329.69068463-55a1-43cb-95fc-ad815ffaa5bc.main.jsonlz4
checksum.sha256=9128e48f889ace694e0005be6798d789ba87585653717c07d9ca625ad66586e3  tazpup-core-files/build/no-arch/etc/skel/.mozilla/firefox/b70ns6k0.default/datareporting/archived/2019-03/1553147028329.69068463-55a1-43cb-95fc-ad815ffaa5bc.main.jsonlz4
