filename=1553112965785.01597338-47ce-4fca-bcbf-fe733f83c59a.main.jsonlz4
size=8	tazpup-core-files/build/no-arch/etc/skel/.mozilla/firefox/b70ns6k0.default/datareporting/archived/2019-03/1553112965785.01597338-47ce-4fca-bcbf-fe733f83c59a.main.jsonlz4 
checksum.md5=de142d1545bdaa411ed2d671d7b0fdaf  tazpup-core-files/build/no-arch/etc/skel/.mozilla/firefox/b70ns6k0.default/datareporting/archived/2019-03/1553112965785.01597338-47ce-4fca-bcbf-fe733f83c59a.main.jsonlz4
checksum.sha256=22d6a9b875474a4f98dbc4bf2c419da01c616d88cfe63ee5be97ec1fa57abd9d  tazpup-core-files/build/no-arch/etc/skel/.mozilla/firefox/b70ns6k0.default/datareporting/archived/2019-03/1553112965785.01597338-47ce-4fca-bcbf-fe733f83c59a.main.jsonlz4
