filename=1553057401535.67223c17-9850-48a1-b0a3-44962695c8af.update.jsonlz4
size=4	tazpup-core-files/build/no-arch/etc/skel/.mozilla/firefox/b70ns6k0.default/datareporting/archived/2019-03/1553057401535.67223c17-9850-48a1-b0a3-44962695c8af.update.jsonlz4 
checksum.md5=61006948ecc01b59402bc4ca9afe295a  tazpup-core-files/build/no-arch/etc/skel/.mozilla/firefox/b70ns6k0.default/datareporting/archived/2019-03/1553057401535.67223c17-9850-48a1-b0a3-44962695c8af.update.jsonlz4
checksum.sha256=7a31a254774b4d88163a5489ab731ffa3591efc3a1099840dcf845526b87ecb4  tazpup-core-files/build/no-arch/etc/skel/.mozilla/firefox/b70ns6k0.default/datareporting/archived/2019-03/1553057401535.67223c17-9850-48a1-b0a3-44962695c8af.update.jsonlz4
