filename=1553128653241.01030cb5-320c-4221-a432-ee3b8da6fc34.main.jsonlz4
size=12	tazpup-core-files/build/no-arch/etc/skel/.mozilla/firefox/b70ns6k0.default/datareporting/archived/2019-03/1553128653241.01030cb5-320c-4221-a432-ee3b8da6fc34.main.jsonlz4 
checksum.md5=658d7f2ba92a71ab2958ea93a8d72a40  tazpup-core-files/build/no-arch/etc/skel/.mozilla/firefox/b70ns6k0.default/datareporting/archived/2019-03/1553128653241.01030cb5-320c-4221-a432-ee3b8da6fc34.main.jsonlz4
checksum.sha256=a97f6370faa909aa7e0c4b34d2cedf4a348dbe66024e977be5236acb56e8ad20  tazpup-core-files/build/no-arch/etc/skel/.mozilla/firefox/b70ns6k0.default/datareporting/archived/2019-03/1553128653241.01030cb5-320c-4221-a432-ee3b8da6fc34.main.jsonlz4
